99999999999995097348276986991795501836031338730903851979256628361307061802545359386185027331667383542120894484492328493679539077842028590257659512643480107641722754283442369028
99999999999960071992073586415686439604705439907394071834239124332064957615662967485067026984195930623680915413085545159070340171785699174853501810045345687468046507573553537558
99999999999995919999179399114951481155847539211803159213053525768752347943722961112654332697545100176461138734332284429364938840574095449366505067703732455799873837658534603394
89999999999999999999999999160113313934299448149428596982586571465867227770182257605830297351769999955205694467560370456874970036488160297131540534746085679381050307744381522381
29999999999999599999993717476659893683570194014799948475353676738043976148173046139999999028999999995701599999997859791425094694923585860525277012325042907703309553131458076530
33899999999939299999995852715071816364841386034388178384929100348956116887322332359999999999999999999999999999997633869997688065699888061501601966514099906853199384512250504911
79999999999926374499981794643912479649607320461894958375899962508085788599999999999999999999999999999999999999999999999999879177697731952920029593696738899527146558778281595625
04499999953217876797176392869654973742847467383996444030905852243769183359999999999999999999999999999999999999999999999999975527996723324884958567065227935559946073656392119532
01999999923465959965908204425365610709966363217163419772736040169399996999999999999999999996552999994360299999999999999999999497159671931812647459928870713411809396778175670141
59999999940127886247879231317420183950088583360385960335372881999999999999999999996461099999756319999209389999949999999999999999999999438942604042438037222199082238488719610571
99999998658660761055798290265068808899303275781969458009841138696999999999999189999911293960298974983023172969695938999999999999999999691182493197072770235998216562217053359117
99999992519992399932886567591290490495022416547657567224455411747999999999843936895134519483723863846421056406315675999992999999999999990519967290461238572594561393948296492021
99999999999999999589170904274795362965697961442543754119999999999999994999931444300963767696512049147436901728899525599973674499999999999975243373443832044301178270520925925104
99999999999999994785740426216257617798437805254071131803989999999999949748472522798814679486417046026439683461250241536597418499999999999999999944753231339918749512544347251443
99999998419999996875322315169378415491393997350913012932349999999999991875192075934489793037708416052492199062374979688341563999999999999999999950732795647659281512531455547858
99999994114166178678019839780214999640150824159482996156999999999995306173127327739203549749045363850779618349409258661854684149877502999999999925982877881292833503417369161332
99999991249576367932628561470376987221544920908776162999999999999675964581529087207774726589630203161868794860247572184053471583802274999999999967705699342146983452976230852002
99999929057717951792614594989084897838315913643969999999999999997414549884128452365454339024815443368405134682765830197900700809675229699999999993994259989289244869162697574524
99999949503756844994171997627010142573803524753163676999999999662506221597197477811805511577036469122007575959615954791755029367995779999999999999999999918197247118546927012556
99999924644983683424223407388401062704021588439117518999994883832780524501769320532605371321101813284312005933965326805451812774889154999881999999999999999713529334258713630312
99999979994699981751030731895312537108392683281042999999987989442646493726905701787065599913995746538867583642394558340514601860375411969695179999999999993512879179298438242295
99999949999993278526104107181598763000332647469944999999999170418383101465804253957999999999999999995219073748513212663450126761393533831417448999999999958243240578699599645702
99999999999999888784153683932173277349195854738442699999325253570760477031751629999999999999999999999284002714390584238726727233482422184142703999999999695507118215166981018275
99999999999999323068118875449384105480064745625773799991284833867997979032539999999891053099849899999999906762961254564326288612442957412615699999999999897817499989845791506847
99999914899991985803184439382495408750610893431249999999961427565464270179999988515102242642857623939999999949708503475032206412431809078668799999999999999954222755393543262433
99999991151127506934690299785115504785560608461499999999940887355001767419999170726007032727612469793999999992310148605089549758255138570115551981339999999599999835423382728781
99999911426555937996529002473289361705959547833999999999128373631215202999980574618529918317484739186559299999792933461501791114642627600097970939812999999999999966211971506377
99999996431778765166972901911982752061565032523636999999251752768466625999988473713888884152550608245544399899999913977822481278554105669503898171566699999999999904191492702057
99999965535227999947505347325043919501621346088104999999973380948814839999279416888999999999283472207263574349999221737698517437864214796437539573355599999999999539471923159117
99999916992929995335402411134976353359708660954599999999261022774433819992984768888867307199992326987005642999999939650119218507781690811370811892699999999999996606594674323467
99999917999999455183811380361009916555470547487939999999623453848571149991817688888888813169999665027632146096799999145079385677801297433616627626199999999999909870782173728822
99999999999999994911731148310443881924970663643198729999938275114138949998099388888888884231199997070180640946799999097208119686866499785238995960079495899999999999215969225961
99999999999999984711043735890490113772492218113123399999997348821571103999082448888888888401629993761120121136999999527801396587605785983795871030338947039999993999998991503753
99999999279995761494224461719319678121706676994535999999344456937738832499935456888888888493519993183982514740489999895264029288310516778055222396617560559999999899999941789831
99999999974073374429980970709331755717378312367857999999999165085034506799998599213888886739869999793074711839970999995549564485708854825046170296497137655999999999999996038277
99999999920368669817547783704390469461971407939212679939999929210065651212999999999998858414449999306934487227699999993282961123036970343445776008198897246899999999999994737232
99999999920646035895005392534821850991059535893495946899999925819559934476630688888423085619899997364459291368499999916095939551916731317799071770233132999999999999999941366797
49999999995132926998607956819722795337357156519494594899999999957049903411169328220725528221999946273144318369949399991915394079986109091761445536302584999999999999999252120141
79999999995299910993129388060015165211568109488174207962219999946181449687773411930737180499999990082773580902245999999460983799511763482439131736737361499999999999919879403378
02779999999459999999602087721522594591108752995381310171159999999997834805390562022108645999999772018080510755999999999120402420609066024785538958038717399528999999990081511721
93809999999999999999848732361205315956961539063963288769709999999992299692839398341392999999921920354241944553938999945106551398442836943818167021694506289095899999999998356897
11431999999999999992538209634761594136164163836332889690612899499999999464999999599999999992423957628803511699929999962227180079212745037587634741364869124798371999999999936470
92799999999999714723354411386530220579837487137995207170876118599999999999999999999999961747224458584428543084889999999448537211275224397038829870124499763512671699999999999824
71999999999999995060312622216228782877978773851770083737930089370641899989999999999549613791749896756552420949999999999734746156810006592836616270683797313128871599999999999993
81999999999999994065875249155487653750544950914493404406331484661863978611299227112728833702865350030937425121999999998686963556154838717379127894765661101619291299999999999994
72699999999999999396594799845915412522020453750939051687211379982622741172870911003448577264452263900663511978999999411887421329764339456475989658120605072999999999999999999939
35981969999999999998999999999614786159147177923685095623524354003731210878644636181990694868321108814921079999999999076267919066440247732776399687748173313999999999999999999434
65918791899999999999499999999548859253544019065400255312565244140500628708934615120000383912076621073739499999999999420306536436787988076600000899096423271799999999999994997253
50509999383989999999999999993789273339457976558802873785040808953107110111256053143888871975618726037924769999999999175899922230063125927845963473735134059997239999999977104146
48687412306569999999999980196686576218277916044813551931058166663044718745354196560196133251078046092715199999999995351430041877056380912168870512668242119427608999999971543486
48609976525480999999999999615014834932271428547445734283854277351456893684225539485567532261469030129999999999953021341938290830764860980945599471266362567480614999999636999118
34737998331919999999999999388489424998112959856551668745843200605314217941130072553217895748624985999999999999932127833903650174744099891785567156604969132897004999999374891161
52789180921059999999999999999618999999950263989282565443091918715068424481614152443139181584335299611999999999999964916289366974489435051322321607226996995715559999999654999999
66799674185619999999999999999999999999931792378990027478489556216025010124722491760150012711748968016999999999942272979893388833680710862356827661995707557496289999999999999999
61119128797312499999999999999999999999994957789272508723114222387220636099256152328489642199999992699999999991588869890167260097498988446394577060705097112599999999999999999999
68412311456206633691059859999999999999999921289999926681835473161373447932811197593317679437999999999999961815756151473174614672891720936282812178523828909999999999999999999999
98514491711305093999438401999999999999999998799999993098792910741616661137948824999899916582299999999999772413857846828088633480766247309688109010168852192999999999999999999999
56825115546723921423661850799999999999999999999999954470849999983499849949988214129999999999999999999999896607233264361652877214705890985112718148791385163999999999999999999991
55657636572711566133079166299999999983999999999999994181833899992233385899999240599999999999999999999993048756029969333065045169141906331674495207297852799978199999999999994955
06339980183530983488975939099999999993749999999999999999999999999992068999999999999999999999999924873253305558653397637088474542864447401117663244854561891107345999999998379426
36039344806032524899613822419999999699955199999999999999999999999999999999999999999999999999992387703817919600581424069610179612847497323296504776019667327633409099999999921499
32412823618688419109999951194534999640621999999999999999999999999999999999999999999949999999999997170040355381122765097466256697673934033952232042829379283249062591899999999111
29345625697328433661815018082901499972602799999999993589999999999999999999999999999956729999991102164406088981830389798856800799108955390894675535192842238331814845799999999944
21055666699100057509378462120295829599435879999999989950189999999999987199999999998274079283010367780788439680681140975860512564930589951746053561615921725353404825653999999909
01602537337220430666751464207895936719171341999995985251749999999998981861999999999914128130793541786756157308965738444562042766539076026489288355389799755450231899998999999992
24447148331706727131831457616953028794223376817507993051700999999942751350254989319962701182835856273651741080297805727593688337864002976140621499783679999999147299999999999998
13116524788767958393615499731383540656166130141031999400177761442599464100776796723640124281257794385705592006994028750003859473123323005416986821495299999999976799999999999999
74429654688537043359053082330491320107363121248060289577141170331707752730023948451036911144566661464159512722995226277683809673256938886523418096387449999999299999999999999999
52453377195866051782840813281080565241889224507031742991874159627175199294854416795957455660787343970015193655104851290811272014682983602010896063461359999999999999599999999999
99991998467480887459581535243301132656782097187626987979982903374560670417681065613544368876738021531016922296630030246233939577775106748244098285799994899999994963999999999999
56529459894315196712939837427534630353390892194628341797572223118323468270642132826754311806083580387484094416879031638200916898564804529020948252995499519999852327399999999999
31617923768230721443063927610594884879336978279657832703863522053739941499561045650065434894997770046694581056795316073525956051552889615079999369190763376749993344799999999999